gyro_time_list,gyro_x_list,gyro_y_list,gyro_z_list
0.0,0.7,-0.0,-0.1
0.006,-0.3,-0.0,-0.1
0.007,-0.3,-0.0,-0.0
0.009,-0.0,-0.0,-0.1
0.01,-0.1,-0.1,-0.1
0.125,0.1,0.1,-0.0
0.126,0.1,-0.0,-0.1
0.128,-0.1,0.0,0.0
0.129,-0.0,-0.0,0.1
0.233,0.1,-0.0,0.0
0.235,0.0,0.0,0.1
0.237,-0.0,0.0,0.1
0.238,0.0,0.0,0.0
0.24,-0.0,-0.0,0.0
0.241,0.1,0.0,0.0
0.341,0.1,0.1,0.1
0.343,0.1,0.1,0.1
0.352,-0.0,0.1,0.1
0.354,-0.0,0.1,0.1
0.365,-0.1,0.1,0.1
0.442,-0.1,0.1,0.2
0.443,-0.2,0.1,0.3
0.445,-0.4,0.1,0.5
0.446,-0.7,0.1,0.9
0.448,-1.4,0.3,1.6
0.528,-3.0,0.0,2.2
0.53,-5.0,-0.4,1.7
0.532,-4.7,-0.4,2.9
0.534,-4.7,-0.4,2.9
0.535,-5.4,-0.5,3.3
0.629,-5.5,-0.5,3.5
0.631,-4.9,-0.4,3.5
0.639,-4.2,-0.3,3.7
0.641,-3.9,-0.2,3.7
0.642,-3.3,-0.1,3.7
0.742,-2.4,0.0,3.4
0.743,-1.5,0.3,3.4
0.745,-1.3,0.6,3.3
0.754,-1.7,0.8,3.1
0.756,-1.7,1.0,3.0
0.841,-1.1,1.1,2.9
0.842,-0.8,1.1,2.7
0.844,-1.0,1.1,2.6
0.845,-1.5,1.0,2.5
0.847,-2.2,0.9,2.5
0.929,-2.8,0.7,2.5
0.931,-3.1,0.6,2.5
0.933,-3.0,0.5,2.4
0.934,-2.7,0.3,2.4
0.936,-1.9,0.2,2.3
1.025,-0.9,0.2,2.1
1.026,-0.0,0.2,1.9
1.028,0.4,0.2,1.6
1.03,0.7,0.3,1.3
1.031,1.0,0.3,1.0
1.136,1.1,0.4,0.7
1.142,0.8,0.4,0.4
1.152,0.4,0.4,0.3
1.153,-0.1,0.3,0.2
1.155,-0.3,0.3,0.2
1.229,-0.5,0.3,0.2
1.231,-0.6,0.2,0.2
1.233,-0.9,0.2,0.2
1.234,-0.9,0.1,0.1
1.349,-0.6,0.1,0.1
1.351,-0.1,0.1,0.0
1.352,0.2,0.1,0.0
1.354,0.4,0.1,-0.0
1.356,0.5,0.1,-0.1
1.445,0.6,0.1,-0.1
1.446,0.6,0.1,-0.1
1.448,0.7,0.1,-0.2
1.45,0.7,0.1,-0.2
1.451,0.7,0.1,-0.3
1.453,0.7,0.1,-0.4
1.46,0.6,0.1,-0.5
1.522,0.7,0.1,-0.5
1.524,0.8,0.1,-0.6
1.526,0.9,0.1,-0.6
1.628,1.0,0.1,-0.7
1.629,1.1,0.1,-0.7
1.631,1.0,0.1,-0.7
1.64,0.9,0.1,-0.7
1.642,0.9,0.1,-0.7
1.728,0.8,0.2,-0.7
1.73,0.8,0.2,-0.7
1.731,0.9,0.2,-0.7
1.733,0.9,0.2,-0.7
1.734,0.8,0.2,-0.6
1.829,0.7,0.2,-0.5
1.83,0.7,0.2,-0.4
1.832,0.6,0.2,-0.4
1.834,0.6,0.1,-0.4
1.835,0.7,0.1,-0.3
1.942,0.7,0.1,-0.3
1.952,0.8,0.1,-0.2
1.953,0.9,0.1,-0.1
1.955,0.8,-0.0,-0.0
1.957,0.7,-0.1,0.0
2.031,0.5,-0.1,0.0
2.033,0.2,-0.2,-0.0
2.034,-0.0,-0.1,-0.1
2.036,-0.1,-0.1,-0.1
2.037,-0.1,-0.1,-0.2
2.128,0.0,-0.0,-0.1
2.13,0.1,0.0,-0.1
2.131,0.3,0.1,-0.1
2.133,0.3,0.1,0.0
2.134,0.2,0.1,0.1
2.237,0.2,0.1,0.2
2.238,0.0,0.1,0.3
2.245,-0.1,0.1,0.4
2.247,-0.2,0.1,0.5
2.249,-0.3,0.1,0.6
2.324,-0.4,0.1,0.7
2.326,-0.6,0.2,0.8
2.327,-0.7,0.2,0.9
2.333,-0.8,0.2,1.0
2.334,-0.6,0.3,1.1
2.431,-0.4,0.4,1.3
2.433,-0.3,0.4,1.5
2.438,-0.5,0.3,1.7
2.439,-0.5,0.3,1.7
2.441,0.0,0.3,1.8
2.524,0.4,0.5,1.8
2.526,0.3,0.6,1.8
2.528,-0.1,0.6,1.6
2.535,-0.3,0.7,1.4
2.536,-0.3,0.8,1.2
2.633,-0.2,0.8,1.0
2.638,-0.2,1.0,0.9
2.64,-0.6,1.0,0.8
2.641,-0.9,0.9,0.7
2.66,-0.9,1.0,0.7
2.724,-0.9,1.1,0.7
2.726,-1.3,1.0,0.7
2.731,-1.5,1.0,0.7
2.734,-0.9,1.0,0.7
2.736,-0.5,1.2,0.6
2.822,-0.5,1.1,0.6
2.823,-0.4,1.1,0.5
2.83,-0.2,1.1,0.5
2.831,-0.3,1.1,0.4
2.926,-0.4,1.0,0.4
2.928,-0.3,1.0,0.4
2.929,-0.3,1.0,0.4
2.931,-0.6,0.9,0.3
2.937,-1.2,0.8,0.4
3.038,-1.3,0.7,0.4
3.04,-1.0,0.8,0.4
3.041,-1.1,0.8,0.5
3.043,-1.9,0.7,0.6
3.053,-2.1,0.5,0.6
3.124,-0.9,0.4,0.6
3.126,0.1,0.6,0.5
3.133,0.2,0.5,0.4
3.134,0.1,0.4,0.3
3.136,0.3,0.4,0.3
3.231,0.5,0.2,0.2
3.233,0.5,0.0,-0.1
3.234,0.6,-0.2,-0.5
3.236,0.8,-0.5,-0.7
3.238,0.7,-0.9,-1.0
3.324,0.8,-1.2,-1.1
3.326,0.8,-1.5,-1.1
3.332,0.4,-1.9,-1.2
3.333,0.0,-2.3,-1.4
3.335,0.3,-2.3,-1.7
3.438,0.9,-2.2,-1.9
3.44,1.2,-2.5,-2.0
3.441,0.8,-2.7,-2.1
3.451,0.2,-2.6,-2.4
3.453,-0.0,-2.5,-2.5
3.528,0.0,-2.3,-2.6
3.533,-0.1,-2.2,-2.7
3.534,-0.2,-2.1,-2.8
3.536,-0.1,-1.9,-2.8
3.538,0.1,-1.8,-2.8
3.628,0.2,-1.6,-2.6
3.63,0.2,-1.4,-2.5
3.632,0.1,-1.3,-2.3
3.634,-0.1,-1.1,-2.1
3.642,-0.2,-0.9,-1.9
3.723,-0.2,-0.7,-1.7
3.725,-0.1,-0.5,-1.6
3.727,0.0,-0.3,-1.4
3.728,0.3,-0.3,-1.2
3.73,0.8,-0.4,-1.0
3.832,1.2,-0.4,-0.7
3.834,1.2,-0.2,-0.5
3.845,0.9,-0.0,-0.3
3.846,0.5,0.2,-0.0
3.848,0.0,0.4,0.1
3.932,-0.3,0.5,0.4
3.934,-0.2,0.7,0.7
3.936,-0.1,0.9,1.1
3.937,-0.1,1.1,1.4
3.939,0.1,1.1,1.6
4.024,0.8,1.0,1.7
4.026,1.4,1.2,1.8
4.027,0.9,1.2,1.9
4.029,-0.0,1.1,2.2
4.03,-0.5,0.9,2.5
4.124,-0.7,0.9,2.6
4.126,-1.2,0.9,2.5
4.131,-2.1,0.6,2.7
4.133,-2.6,0.6,2.8
4.135,-2.7,0.6,2.7
4.24,-2.7,0.5,2.6
4.249,-2.6,0.4,2.5
4.251,-2.1,0.3,2.4
4.253,-1.4,0.3,2.3
4.254,-0.8,0.3,2.1
4.335,-0.4,0.4,1.8
4.337,-0.1,0.4,1.7
4.339,-0.1,0.4,1.4
4.34,-0.4,0.3,1.2
4.342,-0.6,0.4,1.1
4.428,-0.7,0.4,1.0
4.43,-0.4,0.4,0.9
4.432,0.1,0.5,0.7
4.434,0.2,0.4,0.5
4.435,0.0,0.4,0.5
4.524,-0.2,0.4,0.4
4.529,-0.1,0.3,0.3
4.533,-0.3,0.4,0.3
4.535,-0.9,0.2,0.2
4.647,-1.0,0.2,0.1
4.661,-0.5,0.3,-0.1
4.663,0.0,0.3,-0.4
4.664,-0.1,0.2,-0.8
4.666,-0.4,0.1,-1.3
4.731,-0.3,0.1,-1.7
4.733,0.0,0.2,-1.8
4.738,0.6,0.3,-1.9
4.74,1.1,0.2,-1.9
4.741,1.0,-0.0,-1.9
4.824,1.2,-0.0,-2.0
4.826,2.0,0.1,-2.2
4.83,2.7,0.1,-2.3
4.832,3.2,0.0,-2.3
4.837,3.4,-0.3,-2.3
4.932,3.4,-0.5,-2.3
4.934,3.2,-0.7,-2.4
4.935,2.7,-0.9,-2.4
4.937,2.1,-1.1,-2.3
4.939,1.5,-1.1,-2.3
5.031,1.0,-1.2,-2.2
5.033,0.7,-1.2,-2.2
5.035,0.4,-1.2,-2.1
5.036,0.2,-1.2,-2.0
5.038,0.0,-1.1,-1.9
5.124,-0.1,-1.0,-1.8
5.125,-0.1,-0.9,-1.6
5.127,-0.0,-0.7,-1.4
5.129,0.1,-0.6,-1.1
5.13,0.3,-0.5,-0.8
5.229,0.5,-0.3,-0.5
5.231,0.8,-0.1,-0.1
5.233,1.4,0.0,0.4
5.234,1.9,0.1,0.7
5.236,1.7,0.2,1.1
5.335,0.8,0.3,1.3
5.337,-0.3,0.4,1.5
5.338,-1.3,0.6,1.4
5.34,-1.6,0.8,1.5
5.35,-1.6,0.9,1.6
5.428,-1.5,1.1,1.7
5.43,-1.2,1.2,1.7
5.432,-0.4,1.2,1.7
5.433,0.1,1.3,1.6
5.435,0.2,1.2,1.6
5.529,-0.1,1.1,1.8
5.535,-0.6,1.1,2.0
5.537,-1.1,0.9,2.1
5.539,-1.4,0.8,2.2
5.546,-1.4,0.7,2.2
5.637,-1.1,0.7,2.2
5.639,-0.7,0.8,2.1
5.64,-0.4,0.8,1.9
5.642,-0.2,0.7,1.7
5.644,0.3,0.7,1.4
5.732,0.6,0.8,1.2
5.741,0.5,0.7,1.0
5.742,0.4,0.6,0.9
5.752,0.4,0.6,0.9
5.753,0.5,0.6,0.8
5.827,0.3,0.6,0.8
5.837,-0.0,0.5,0.7
5.84,0.0,0.5,0.7
5.842,0.2,0.5,0.6
5.844,0.2,0.5,0.5
5.923,0.1,0.5,0.4
5.932,0.1,0.5,0.3
5.934,0.1,0.5,0.2
5.936,0.0,0.4,0.1
5.937,0.0,0.3,-0.0
6.026,0.1,0.2,-0.2
6.027,0.1,0.2,-0.3
6.029,0.2,0.1,-0.4
6.035,0.1,-0.1,-0.6
6.036,0.1,-0.3,-0.7
6.131,0.2,-0.4,-0.8
6.133,0.4,-0.5,-1.0
6.142,0.7,-0.5,-1.0
6.152,1.0,-0.6,-1.1
6.154,1.2,-0.6,-1.2
6.227,1.9,-0.6,-1.5
6.229,3.1,-0.5,-1.7
6.231,4.5,-0.5,-1.8
6.232,5.6,-0.8,-1.9
6.326,6.1,-1.1,-1.8
6.328,6.2,-1.6,-1.7
6.336,5.7,-1.9,-1.4
6.338,4.5,-2.2,-1.1
6.339,3.2,-2.4,-0.8
6.423,2.1,-2.5,-0.6
6.425,1.4,-2.5,-0.4
6.427,0.9,-2.6,-0.2
6.431,0.3,-2.5,-0.2
6.434,-0.1,-2.5,-0.2
6.534,-0.3,-2.4,-0.4
6.536,-0.2,-2.3,-0.6
6.556,0.0,-2.1,-0.9
6.561,0.2,-1.8,-1.1
6.563,0.3,-1.6,-1.2
6.627,0.2,-1.3,-1.4
6.629,0.1,-1.0,-1.6
6.63,0.1,-0.6,-1.7
6.632,0.2,-0.1,-1.9
6.638,0.2,0.3,-1.9
6.729,0.2,0.8,-1.8
6.73,0.3,1.2,-1.6
6.732,0.5,1.6,-1.4
6.734,0.7,1.8,-1.2
6.735,0.7,1.9,-1.1
6.833,0.5,1.9,-0.9
6.835,0.4,2.1,-0.7
6.836,0.3,2.3,-0.3
6.838,0.2,2.3,0.0
6.839,0.1,2.3,0.3
6.939,0.1,2.3,0.6
6.948,0.1,2.2,0.8
6.95,-0.1,2.2,1.0
6.952,-0.4,2.3,1.2
6.953,-0.8,2.3,1.5
7.026,-1.1,2.2,1.5
7.027,-1.1,2.1,1.6
7.029,-1.0,2.0,1.7
7.031,-0.7,1.8,1.7
7.032,-0.4,1.6,1.7
7.123,-0.2,1.4,1.7
7.125,0.0,1.2,1.7
7.131,0.0,1.1,1.6
7.132,0.1,0.9,1.6
7.134,0.1,0.8,1.4
7.237,0.0,0.7,1.3
7.239,-0.2,0.5,1.2
7.241,-0.1,0.4,1.0
7.242,0.1,0.3,0.9
7.244,0.2,0.2,0.6
7.329,0.3,0.1,0.4
7.333,0.5,0.1,0.2
7.335,0.9,0.0,0.0
7.337,1.1,-0.1,-0.2
7.342,1.2,-0.3,-0.4
7.442,1.4,-0.5,-0.7
7.444,1.8,-0.6,-1.1
7.445,1.9,-0.9,-1.5
7.447,1.4,-1.3,-1.8
7.449,0.8,-1.7,-2.1
7.53,0.6,-1.9,-2.3
7.533,0.6,-2.1,-2.4
7.535,0.3,-2.2,-2.4
7.537,-0.1,-2.4,-2.3
7.538,-0.2,-2.3,-2.2
7.642,-0.4,-2.3,-2.2
7.643,-0.9,-2.2,-2.3
7.645,-1.4,-2.1,-2.4
7.647,-1.6,-1.7,-2.6
7.671,-1.6,-1.6,-2.8
7.73,-1.0,-1.3,-2.9
7.731,-0.3,-0.9,-2.9
7.733,0.2,-0.7,-2.8
7.738,0.7,-0.5,-2.6
7.739,0.9,-0.4,-2.4
7.821,0.9,-0.3,-2.1
7.822,0.6,-0.2,-1.9
7.824,0.4,-0.1,-1.6
7.825,0.2,0.1,-1.3
7.928,0.2,0.3,-0.9
7.929,0.3,0.5,-0.5
7.932,0.5,0.7,-0.1
7.934,0.7,0.8,0.4
7.936,1.0,1.0,0.9
8.039,1.2,1.1,1.2
8.04,1.2,1.3,1.6
8.042,1.0,1.5,2.0
8.049,0.4,1.5,2.4
8.059,-0.4,1.4,2.6
8.13,-0.7,1.3,2.9
8.132,-0.5,1.4,2.9
8.134,-0.1,1.4,2.7
8.135,-0.1,1.4,2.5
8.137,-0.4,1.4,2.3
8.226,-0.5,1.3,2.2
8.228,0.1,1.3,2.0
8.23,1.1,1.4,1.9
8.231,1.8,1.5,1.8
8.236,1.7,1.6,1.7
8.325,1.3,1.6,1.6
8.328,0.7,1.5,1.5
8.33,0.1,1.4,1.5
8.332,-0.3,1.3,1.5
8.333,-0.4,1.2,1.5
8.447,-0.7,1.1,1.5
8.448,-0.9,1.0,1.5
8.45,-1.0,0.9,1.4
8.46,-1.0,0.8,1.3
8.461,-0.7,0.7,1.2
8.533,0.6,0.8,0.9
8.536,2.9,1.4,0.6
8.538,5.0,2.0,0.2
8.54,5.5,2.1,-0.3
8.542,4.9,1.9,-0.7
8.631,4.1,1.8,-0.9
8.633,2.7,1.5,-0.8
8.638,1.6,1.2,-0.7
8.639,1.2,1.1,-0.6
8.641,1.0,1.0,-0.6
8.728,0.5,0.8,-0.5
8.729,0.2,0.6,-0.5
8.731,0.4,0.5,-0.4
8.733,0.4,0.3,-0.2
8.734,-0.0,-0.1,-0.1
8.844,0.0,-0.3,0.1
8.846,0.2,-0.5,0.2
8.862,0.4,-0.7,0.4
8.863,0.5,-0.9,0.5
8.865,0.8,-1.1,0.6
8.929,1.1,-1.2,0.7
8.931,0.6,-1.5,0.7
8.932,0.6,-1.8,0.5
8.934,1.4,-1.7,0.3
8.939,1.5,-2.0,0.3
9.029,1.9,-2.4,-0.2
9.032,4.1,-2.0,-0.6
9.034,6.0,-1.8,-0.8
9.035,6.0,-2.4,-0.8
9.037,5.8,-2.5,-1.1
9.124,5.1,-2.5,-0.5
9.126,3.2,-2.9,-0.0
9.128,1.8,-3.2,0.2
9.129,1.1,-3.2,0.5
9.135,0.7,-3.2,0.6
9.236,0.5,-3.1,0.6
9.246,0.0,-3.1,0.6
9.247,-0.6,-3.0,0.4
9.249,-0.9,-2.9,0.2
9.25,-0.9,-2.7,-0.1
9.323,-1.3,-2.5,-0.2
9.324,-1.8,-2.5,-0.5
9.326,-1.6,-2.0,-0.5
9.332,-1.4,-1.5,-0.5
9.334,-1.6,-1.2,-0.4
9.427,-1.9,-0.8,-0.2
9.434,-2.3,-0.4,0.1
9.436,-2.2,0.0,0.2
9.438,-2.0,0.4,0.2
9.439,-1.8,0.6,0.1
9.52,-1.6,0.7,-0.0
9.522,-1.1,0.7,-0.2
9.524,-0.8,0.8,-0.2
9.525,-0.9,0.8,-0.2
9.647,-1.3,0.8,0.0
9.657,-1.9,0.8,0.3
9.658,-2.4,0.9,0.6
9.66,-2.9,0.9,1.0
9.662,-3.4,1.0,1.4
9.747,-3.7,1.1,1.8
9.749,-3.7,1.2,2.3
9.755,-3.3,1.3,2.6
9.758,-2.5,1.2,2.8
9.76,-1.2,1.2,2.9
9.852,0.1,1.2,2.9
9.854,1.3,1.3,2.7
9.855,2.0,1.4,2.5
9.857,2.1,1.4,2.2
9.858,1.9,1.4,2.0
9.865,1.4,1.4,1.8
9.941,0.7,1.3,1.6
9.944,-0.1,1.1,1.5
9.946,-0.7,0.9,1.5
9.957,-0.8,0.8,1.4
9.968,-0.5,0.6,1.3
9.969,0.0,0.6,1.1
10.042,0.5,0.5,0.9
10.043,0.6,0.3,0.7
10.045,0.6,0.1,0.5
10.155,0.9,0.1,0.3
10.157,0.9,-0.0,0.1
10.159,0.6,-0.3,-0.1
10.16,0.4,-0.4,-0.2
10.162,0.6,-0.5,-0.3
10.164,1.1,-0.6,-0.5
10.256,1.7,-0.7,-0.7
10.258,1.9,-0.9,-0.9
10.259,2.0,-1.1,-1.2
10.261,2.5,-1.1,-1.4
10.263,3.2,-1.2,-1.4
10.337,3.6,-1.4,-1.5
10.339,3.4,-1.7,-1.4
10.341,2.8,-1.7,-1.3
10.353,2.3,-1.8,-1.4
10.356,2.2,-2.0,-1.4
10.444,2.1,-1.9,-1.6
10.445,1.6,-1.9,-1.8
10.459,1.3,-1.9,-1.9
10.462,1.2,-1.9,-2.0
10.558,1.0,-1.8,-2.1
10.561,0.8,-1.8,-2.1
10.563,0.5,-1.7,-2.2
10.565,0.2,-1.6,-2.2
10.567,-0.1,-1.4,-2.3
10.569,-0.4,-1.2,-2.3
10.627,-0.6,-0.9,-2.4
10.629,-0.6,-0.7,-2.5
10.63,-0.4,-0.4,-2.4
10.632,0.0,-0.2,-2.4
10.641,0.4,-0.0,-2.3
10.733,0.5,0.1,-2.2
10.735,0.5,0.3,-2.0
10.744,0.5,0.4,-1.7
10.746,0.5,0.6,-1.4
10.851,0.5,0.8,-1.0
10.853,0.2,0.9,-0.6
10.854,-0.2,1.0,-0.1
10.856,-0.4,1.0,0.3
10.858,-0.4,1.1,0.7
10.956,0.0,1.2,1.1
10.957,0.4,1.2,1.2
10.959,0.6,1.1,1.3
10.96,0.8,1.2,1.5
10.962,0.5,1.2,1.7
10.964,-0.3,1.1,1.9
11.029,-0.9,1.0,2.1
11.03,-1.4,1.1,2.3
11.032,-1.9,1.1,2.4
11.034,-2.0,1.1,2.5
11.035,-1.7,1.2,2.5
11.161,-1.0,1.3,2.5
11.173,-0.3,1.3,2.4
11.175,0.4,1.3,2.2
11.177,0.8,1.3,2.1
11.229,0.9,1.3,1.9
11.232,0.6,1.1,1.7
11.234,0.1,1.0,1.6
11.239,-0.4,0.9,1.5
11.241,-1.0,0.7,1.4
11.243,-1.4,0.5,1.3
11.342,-1.6,0.4,1.2
11.344,-1.6,0.4,1.1
11.351,-1.4,0.3,1.0
11.431,-1.1,0.4,0.8
11.433,-0.8,0.4,0.7
11.435,-0.7,0.4,0.6
11.436,-0.5,0.5,0.4
11.438,-0.2,0.6,0.2
11.439,-0.0,0.5,0.0
11.563,0.2,0.5,-0.2
11.576,0.4,0.3,-0.5
11.577,0.6,0.2,-0.7
11.579,0.8,-0.0,-0.9
11.654,0.7,-0.2,-1.1
11.658,0.4,-0.4,-1.4
11.661,0.2,-0.6,-1.6
11.662,0.3,-0.7,-1.7
11.664,0.8,-0.8,-1.7
11.665,1.2,-1.0,-1.7
11.728,1.6,-1.2,-1.7
11.733,1.8,-1.3,-1.6
11.734,1.9,-1.4,-1.7
11.737,1.6,-1.6,-1.7
11.741,1.2,-1.6,-1.8
11.819,0.5,-1.7,-1.9
11.825,-0.0,-1.7,-2.1
11.827,-0.4,-1.6,-2.2
11.828,-0.6,-1.5,-2.3
11.956,-0.6,-1.3,-2.4
11.965,-0.3,-1.1,-2.4
11.967,0.1,-0.9,-2.3
11.969,0.4,-0.7,-2.2
11.978,0.7,-0.6,-2.1
12.057,0.8,-0.5,-1.9
12.059,0.9,-0.3,-1.8
12.06,0.8,-0.2,-1.6
12.062,0.6,-0.1,-1.3
12.068,0.3,-0.0,-1.0
12.07,0.1,0.1,-0.7
12.147,0.0,0.3,-0.4
12.148,0.2,0.5,-0.2
12.15,0.5,0.7,0.1
12.152,0.7,1.0,0.4
12.153,1.0,1.1,0.8
12.259,1.2,1.2,1.1
12.261,1.1,1.3,1.3
12.262,0.7,1.3,1.6
12.264,0.3,1.4,1.8
12.28,-0.2,1.4,2.0
12.348,-0.5,1.5,2.0
12.349,-0.6,1.4,2.0
12.351,-0.5,1.4,2.0
12.353,-0.6,1.2,1.9
12.354,-0.8,1.1,1.9
12.45,-0.9,0.9,1.9
12.452,-1.1,0.8,1.9
12.457,-1.4,0.6,1.9
12.458,-1.9,0.4,1.8
12.46,-2.3,0.3,1.8
12.548,-2.6,0.2,1.7
12.549,-2.9,0.1,1.7
12.551,-3.1,-0.1,1.7
12.557,-2.5,-0.2,1.7
12.559,-1.6,-0.1,1.7
12.656,-1.3,-0.1,1.6
12.658,-1.3,-0.2,1.5
12.66,-1.3,-0.1,1.4
12.678,-1.4,-0.2,1.3
12.68,-1.5,-0.2,1.1
12.747,-1.4,-0.2,0.9
12.752,-1.3,-0.2,0.8
12.753,-1.4,-0.2,0.7
12.755,-1.6,-0.2,0.6
12.758,-1.6,-0.2,0.6
12.876,-1.6,-0.0,0.6
12.878,-1.3,0.0,0.5
12.88,-0.9,0.2,0.3
12.881,-0.1,0.4,0.2
12.883,0.6,0.6,0.1
12.954,1.4,0.7,-0.1
12.956,2.2,0.8,-0.4
12.958,2.7,0.8,-0.6
12.963,2.7,0.6,-0.9
12.965,2.4,0.5,-1.3
12.967,1.9,0.3,-1.7
13.064,1.1,0.1,-2.0
13.076,0.3,-0.0,-2.2
13.078,-0.0,-0.1,-2.3
13.081,0.4,-0.0,-2.2
13.145,0.7,-0.1,-2.3
13.15,0.9,-0.4,-2.2
13.152,1.3,-0.4,-2.3
13.154,1.8,-0.4,-2.3
13.251,2.0,-0.4,-2.3
13.253,2.0,-0.4,-2.4
13.255,1.7,-0.5,-2.4
13.257,1.3,-0.6,-2.4
13.258,0.9,-0.6,-2.5
13.349,0.6,-0.5,-2.5
13.351,0.4,-0.3,-2.5
13.353,0.4,-0.3,-2.4
13.355,0.4,-0.2,-2.2
13.356,0.4,-0.1,-1.9
13.461,0.5,0.0,-1.6
13.462,0.5,0.1,-1.3
13.472,0.4,0.2,-1.0
13.474,0.5,0.3,-0.8
13.475,0.7,0.4,-0.6
13.551,1.0,0.6,-0.4
13.556,1.4,0.6,-0.2
13.558,1.7,0.7,-0.0
13.559,2.0,0.7,0.2
13.561,2.0,0.7,0.4
13.649,1.9,0.7,0.7
13.651,1.5,0.7,1.0
13.658,0.9,0.8,1.3
13.66,0.3,0.9,1.6
13.664,-0.1,1.0,1.8
13.747,-0.3,1.1,2.0
13.748,-0.1,1.1,2.2
13.75,0.2,1.1,2.2
13.751,0.5,1.1,2.1
13.757,0.5,1.0,1.7
13.86,0.5,0.9,1.3
13.87,0.3,0.9,0.8
13.871,0.1,0.7,0.3
13.873,-0.1,0.5,-0.2
13.874,0.2,0.3,-0.6
13.953,0.8,0.4,-1.1
13.955,1.4,0.2,-1.7
13.957,2.3,0.2,-2.2
13.959,3.1,0.3,-2.7
13.961,3.1,0.3,-3.2
14.05,3.0,0.3,-3.5
14.052,2.9,0.3,-3.9
14.056,2.7,0.3,-4.1
14.059,2.6,0.3,-4.3
14.061,2.6,0.5,-4.4
14.187,2.6,0.5,-4.5
14.189,2.7,0.7,-4.5
14.191,2.8,0.8,-4.6
14.192,2.7,0.9,-4.5
14.194,2.5,1.1,-4.4
14.256,2.5,1.2,-4.3
14.258,2.7,1.5,-4.2
14.259,2.9,1.8,-4.1
14.264,2.9,1.9,-4.0
14.266,3.0,2.2,-3.8
14.268,2.9,2.4,-3.5
14.344,2.5,2.4,-3.3
14.346,2.2,2.4,-3.1
14.347,2.1,2.4,-3.0
14.449,2.1,2.3,-3.0
14.456,2.3,2.1,-3.0
14.457,2.5,1.9,-2.8
14.459,2.5,1.7,-2.7
14.462,2.5,1.5,-2.5
14.465,2.7,1.4,-2.3
14.567,2.9,1.3,-2.0
14.569,2.5,1.2,-1.6
14.57,1.8,0.9,-1.4
14.572,1.8,0.8,-1.2
14.584,2.0,0.7,-0.9
14.652,1.6,0.6,-0.8
14.654,1.3,0.5,-0.6
14.656,0.9,0.4,-0.4
14.659,0.6,0.5,0.0
14.661,0.7,0.6,0.5
14.751,0.5,0.7,0.9
14.753,0.3,0.7,0.7
14.757,0.5,0.9,0.7
14.759,0.7,0.9,1.2
14.76,-1.0,0.7,0.8
14.846,-1.4,0.7,1.4
14.848,-1.0,1.0,1.5
14.853,-1.0,0.9,1.3
14.855,-0.4,1.0,1.1
14.857,0.4,1.1,0.8
14.955,0.7,1.0,0.6
14.958,0.8,0.8,0.5
14.967,1.0,0.6,0.4
14.978,1.6,0.7,0.0
15.057,1.8,0.8,-0.2
15.058,1.2,0.7,-0.1
15.06,0.0,0.5,0.0
15.062,-1.5,0.2,-0.1
15.063,-1.2,0.2,-0.5
15.151,0.5,0.5,-0.5
15.152,0.4,0.4,-0.5
15.154,-0.4,0.2,-0.4
15.156,-0.4,0.2,-0.3
15.157,0.0,0.2,-0.1
15.246,0.1,0.2,-0.0
15.248,-0.2,0.2,0.0
15.25,-0.4,0.2,0.0
15.252,-0.3,0.4,-0.0
15.254,0.1,0.5,-0.1
15.362,0.1,0.6,-0.1
15.364,-0.1,0.5,-0.1
15.366,-0.1,0.5,-0.1
15.377,-0.1,0.5,-0.1
15.386,-0.3,0.4,-0.2
15.45,-0.4,0.4,-0.2
15.451,-0.4,0.4,-0.2
15.453,-0.4,0.5,-0.3
15.455,-0.4,0.4,-0.3
15.465,-0.3,0.4,-0.4
15.546,-0.3,0.4,-0.5
15.548,-0.1,0.5,-0.5
15.549,-0.1,0.5,-0.4
15.551,-0.3,0.4,-0.4
15.553,-0.1,0.5,-0.3
15.649,-0.1,0.5,-0.3
15.657,-0.1,0.4,-0.3
15.658,-0.1,0.4,-0.3
15.66,-0.3,0.3,-0.2
15.662,-0.3,0.4,-0.1
15.764,-0.4,0.3,-0.3
15.771,-0.2,0.4,-0.2
15.783,-0.1,0.4,-0.2
15.785,-0.2,0.3,-0.2
15.787,-0.1,0.3,-0.2
15.855,-0.1,0.2,-0.0
15.857,-0.3,0.1,0.1
15.858,-0.2,0.1,0.3
15.86,-0.2,0.0,0.4
15.861,-0.3,-0.1,0.4
15.952,-0.4,-0.2,0.5
15.956,-0.3,-0.2,0.6
15.958,-0.4,-0.3,0.5
15.96,-0.3,-0.4,0.6
15.961,-0.3,-0.5,0.6
16.046,-0.4,-0.6,0.7
16.048,-0.4,-0.7,0.8
16.049,-0.3,-0.8,0.8
16.051,0.1,-0.9,0.9
16.052,0.5,-0.9,0.9
16.159,0.4,-1.1,1.0
16.171,0.6,-1.2,1.1
16.173,0.3,-1.2,1.3
16.175,0.4,-1.2,1.3
16.186,0.9,-1.0,1.2
16.256,1.0,-1.0,0.9
16.258,1.4,-0.6,0.8
16.259,1.6,0.1,0.7
16.261,1.2,0.4,0.5
16.262,1.3,0.9,0.5
16.346,1.4,1.3,0.5
16.347,1.0,1.5,0.3
16.349,0.7,1.5,0.2
16.351,1.1,1.5,0.2
16.352,0.8,1.2,0.0
16.47,0.7,0.9,-0.0
16.472,0.0,0.4,0.0
16.482,-0.6,0.0,0.2
16.484,-0.8,-0.6,-0.5
16.485,-0.1,-0.3,-0.3
16.548,-0.8,-0.5,-0.4
16.55,-2.4,-0.9,-1.1
16.552,-1.5,-0.8,-1.1
16.553,0.3,-0.8,-1.2
16.651,0.0,-1.1,-1.6
16.653,-0.8,-1.1,-1.6
16.654,-0.9,-0.7,-1.7
16.656,0.1,-0.2,-1.6
16.658,1.0,0.1,-1.4
16.751,1.2,0.3,-1.0
16.753,1.3,0.6,-0.6
16.754,1.2,0.8,-0.4
16.756,1.2,1.0,0.1
16.757,0.9,0.9,0.2
16.863,-0.6,0.8,0.0
16.866,-2.1,0.5,-0.1
16.868,-1.7,0.4,-0.4
16.869,0.9,0.6,-0.5
16.871,2.6,0.6,-0.5
16.95,1.5,0.3,-0.5
16.951,-0.3,-0.1,-0.0
16.953,-1.1,0.1,0.4
16.954,-3.1,0.1,0.4
16.957,-3.2,-0.2,0.5
17.051,-2.0,0.3,0.5
17.052,-2.0,0.2,0.4
17.054,-1.2,0.1,-0.2
17.055,0.9,0.3,-0.3
17.057,1.7,0.6,0.0
17.15,-0.9,0.7,-0.8
17.152,-2.5,0.2,-0.8
17.153,0.4,1.1,-0.8
17.155,0.7,0.8,-0.4
17.157,-0.1,0.5,-0.3
17.261,0.4,0.4,-0.1
17.272,0.6,0.3,-0.1
17.273,-0.4,-0.1,-0.2
17.275,-0.2,0.1,-0.1
17.287,0.1,0.1,0.1
17.345,-0.1,-0.2,0.1
17.346,-0.2,-0.4,0.1
17.353,-0.1,-0.4,0.1
17.355,-0.5,-0.6,-0.1
17.356,-0.8,-0.9,-0.0
17.463,-0.6,-1.1,-0.0
17.465,-0.1,-1.1,0.1
17.466,0.2,-1.1,0.0
17.468,0.2,-1.2,-0.1
17.47,0.2,-1.1,-0.1
17.551,0.3,-1.0,0.1
17.553,0.4,-0.9,0.5
17.555,0.8,-0.7,0.8
17.557,0.9,-0.4,0.9
17.559,0.7,-0.2,0.8
17.663,0.4,-0.1,0.8
17.665,0.3,0.1,0.9
17.668,0.4,0.3,0.9
17.679,0.3,0.6,0.8
17.688,0.2,0.7,0.6
17.751,0.4,0.9,0.5
17.753,0.2,1.1,0.4
17.755,0.2,1.1,0.3
17.756,0.6,1.1,0.1
17.758,0.8,1.0,-0.1
17.845,0.5,0.9,-0.2
17.847,0.3,0.7,-0.1
17.854,0.2,0.5,-0.1
17.856,0.0,0.3,-0.1
17.857,-0.2,0.1,0.0
17.97,-0.2,-0.1,0.2
17.972,-0.7,-0.2,0.4
17.974,-0.7,-0.4,0.6
17.975,-0.3,-0.3,0.8
17.977,-0.7,-0.6,0.8
18.068,-0.5,-0.6,1.0
18.07,-1.2,-0.9,1.2
18.082,-1.1,-0.8,1.4
18.084,-0.5,-0.7,1.2
18.085,-0.7,-0.6,0.9
18.087,0.1,-0.4,1.2
18.151,-1.3,-0.7,1.0
18.153,-0.5,-0.3,1.1
18.155,-0.2,-0.1,1.1
18.156,0.2,0.1,1.0
18.243,0.0,0.2,0.9
18.245,-0.3,0.3,0.8
18.246,-0.3,0.5,0.7
18.248,-0.3,0.5,0.8
18.35,0.9,0.6,1.0
18.351,0.5,0.4,0.9
18.353,0.6,0.7,1.1
18.355,0.1,0.7,1.1
18.356,0.0,0.6,1.0
18.483,0.7,0.8,1.1
18.486,0.2,0.6,0.9
18.498,0.1,0.6,1.1
18.499,0.4,0.5,1.2
18.501,0.4,0.4,1.2
18.562,0.1,0.3,1.3
18.563,0.1,0.1,1.5
18.565,0.5,0.1,1.6
18.567,0.5,0.1,1.6
18.572,0.4,0.2,1.6
18.576,0.5,0.0,1.9
18.578,0.3,0.0,2.0
18.646,0.3,-0.1,2.1
18.648,0.4,0.0,2.2
18.65,-0.5,-0.1,2.1
18.749,0.0,0.2,2.3
18.751,-0.0,0.0,2.2
18.753,0.3,0.3,2.0
18.754,0.4,0.4,1.8
18.756,0.1,0.5,1.8
18.867,-0.5,0.5,1.8
18.879,-0.7,-0.1,1.7
18.882,-1.0,-1.2,1.6
18.888,-2.1,-1.7,0.5
18.89,-3.5,-3.0,-0.1
18.947,-1.2,-3.3,0.1
18.948,-2.2,-3.4,-1.1
18.95,-3.3,-2.9,-0.8
18.952,-6.0,-2.3,-1.4
18.953,-8.6,-1.8,-2.1
19.024,-8.8,-0.6,-2.4
19.025,-6.9,0.8,-1.9
19.027,-3.6,1.9,-1.3
19.029,-0.8,2.3,-0.4
19.03,0.3,2.2,-0.2
19.149,-0.4,2.2,-0.3
19.151,-0.3,2.2,0.4
19.153,0.5,2.4,0.9
19.155,0.4,2.5,1.5
19.267,-1.0,2.3,2.5
19.279,-0.7,1.3,3.2
19.281,0.2,1.4,2.7
19.282,0.1,1.4,2.3
19.284,-0.6,1.1,2.0
19.286,-1.5,1.0,0.9
19.346,-1.8,0.9,0.6
19.354,-1.5,0.6,0.3
19.356,0.0,0.7,0.1
19.357,2.2,1.0,-0.3
19.359,0.4,0.7,0.3
19.446,-0.5,0.1,-0.5
19.448,0.4,0.5,0.7
19.449,-1.2,0.3,0.3
19.451,-1.6,0.3,0.5
19.453,-1.2,0.4,0.7
19.56,-0.3,0.4,0.3
19.562,0.1,0.3,0.2
19.564,0.9,0.3,-0.4
19.565,1.8,1.0,-0.3
19.581,0.8,0.5,-0.7
19.649,1.4,0.7,-0.7
19.651,-0.5,0.6,-1.1
19.656,-1.8,0.6,-0.6
19.657,-0.6,0.7,-0.4
19.659,0.3,0.7,-0.3
19.749,0.1,0.5,-0.2
19.751,-0.2,0.4,-0.1
19.753,-0.6,0.2,-0.1
19.754,-0.8,0.1,-0.1
19.756,-0.7,0.1,-0.1
19.843,-0.7,0.1,-0.0
19.849,-0.6,0.0,-0.0
19.851,-0.4,-0.0,0.0
19.853,0.1,0.1,0.1
19.956,0.7,0.1,-0.1
19.958,1.3,0.2,-0.3
19.967,1.2,0.3,-0.1
19.968,0.7,0.1,-0.1
19.979,0.5,0.0,-0.0
20.045,0.3,-0.1,0.1
20.046,0.1,-0.2,0.2
20.048,0.1,-0.3,0.3
20.05,0.0,-0.5,0.3
20.051,-0.1,-0.6,0.3
20.151,-0.4,-0.9,0.3
20.152,-0.3,-1.1,0.2
20.154,0.0,-1.2,0.2
20.156,0.2,-1.2,0.2
20.157,-0.0,-1.3,0.3
20.249,0.1,-1.1,0.6
20.251,0.1,-0.8,0.8
20.253,0.6,-0.5,0.9
20.255,0.5,-0.2,0.8
20.258,0.4,0.3,0.7
20.364,-0.2,0.6,0.6
20.366,-0.1,0.9,0.5
20.367,0.2,1.3,0.3
20.378,0.0,1.4,0.3
20.381,-0.2,1.3,0.2
20.468,-0.5,1.3,0.2
20.469,-0.3,1.2,0.2
20.471,0.1,1.3,0.2
20.473,0.3,1.4,0.0
20.486,0.2,1.4,-0.1
20.551,0.1,1.4,-0.1
20.553,0.0,1.2,-0.1
20.555,0.2,1.1,-0.2
20.556,0.1,0.8,-0.1
20.558,0.1,0.6,-0.1
20.67,0.2,0.5,0.0
20.676,0.2,0.3,0.2
20.677,0.3,0.4,0.2
20.679,0.2,0.2,0.2
20.68,0.0,0.2,0.2
20.757,-0.1,-0.0,0.1
20.769,-1.2,-0.7,-0.1
20.781,-3.1,-1.5,-0.1
20.783,-2.7,-2.3,-0.7
20.784,-1.7,-2.4,-1.3
20.786,-1.1,-2.6,-2.5
20.845,0.8,-2.4,-2.5
20.847,0.5,-2.4,-3.0
20.848,-0.9,-2.5,-2.8
20.85,-1.5,-2.4,-2.6
20.95,-0.5,-2.0,-2.0
20.951,0.6,-1.4,-1.4
20.953,0.4,-1.1,-1.4
20.955,-0.1,-0.7,-0.9
20.956,-0.4,-0.2,-0.3
21.049,0.2,0.4,-0.0
21.051,0.8,1.0,0.4
21.052,-0.1,0.9,0.5
21.057,-0.7,0.7,1.0
21.059,0.3,1.0,1.3
21.155,0.6,1.1,1.2
21.169,-0.2,0.8,1.4
21.178,-0.7,0.5,1.3
21.18,-0.2,0.4,1.4
21.181,0.2,0.3,1.3
21.248,-0.1,0.1,1.2
21.254,-0.1,0.1,1.1
21.256,-0.3,-0.0,1.2
21.257,-0.3,-0.3,1.3
21.259,0.1,-0.2,1.0
21.372,-0.5,-0.4,0.7
21.374,-1.0,-0.5,0.6
21.376,-0.9,-0.4,0.6
21.382,-0.0,-0.7,0.7
21.384,0.8,-1.1,0.7
21.465,-1.5,-1.1,-0.3
21.467,1.2,-0.7,1.0
21.469,0.8,-0.3,0.4
21.471,-0.8,-0.4,-0.2
21.472,-1.5,-0.2,-0.6
21.483,0.3,0.5,-0.5
21.543,0.1,0.4,-0.3
21.55,0.1,0.5,-0.0
21.554,0.1,0.6,0.3
21.556,-0.1,0.6,0.5
21.646,-0.2,0.6,0.5
21.647,-0.1,0.5,0.3
21.649,-0.4,0.4,0.2
21.65,-0.3,0.4,0.2
21.75,-0.4,0.3,0.2
21.752,-0.2,0.2,0.1
21.753,-0.3,0.0,0.0
21.755,-0.3,-0.2,-0.1
21.756,-0.3,-0.3,-0.2
21.859,-0.3,-0.3,-0.2
21.861,-0.3,-0.4,-0.2
21.864,-0.5,-0.6,-0.2
21.866,-0.4,-0.7,0.0
21.868,-0.1,-0.8,0.1
21.949,-0.2,-0.9,0.2
21.951,-0.5,-1.1,0.2
21.952,-0.1,-1.2,0.2
21.958,0.1,-1.2,0.2
21.96,0.1,-1.2,0.1
22.05,0.4,-1.1,0.2
22.052,0.3,-1.0,0.4
22.054,0.1,-0.9,0.6
22.055,0.1,-0.8,0.7
22.057,-0.2,-0.7,0.7
22.149,-0.3,-0.5,1.0
22.151,-0.5,-0.5,1.2
22.152,-0.2,-0.4,1.4
22.154,-0.0,-0.2,1.5
22.155,-1.3,-0.4,1.6
22.26,-1.4,-0.6,1.5
22.263,0.2,-0.4,1.4
22.265,0.2,-0.3,1.3
22.273,-0.7,-0.2,1.4
22.284,-0.7,-0.0,1.4
22.347,-0.6,-0.1,1.4
22.349,-0.1,-0.2,1.4
22.35,0.1,-0.3,1.5
22.355,-0.2,-0.6,1.6
22.358,0.0,-0.7,1.7
22.444,0.4,-0.6,1.7
22.446,0.6,-0.7,1.9
22.448,0.3,-0.9,2.0
22.449,0.7,-1.0,2.0
22.453,1.3,-0.7,2.0
22.549,1.2,-0.3,1.7
22.551,1.3,-0.1,1.9
22.553,1.1,0.1,1.7
22.554,1.3,0.1,1.6
22.556,1.3,0.1,1.7
22.667,1.3,0.2,1.8
22.669,1.7,0.4,2.0
22.67,1.3,0.2,1.7
22.681,0.5,-0.1,1.5
22.683,0.7,-0.1,1.7
22.748,1.0,0.1,1.7
22.75,0.7,0.1,1.6
22.752,0.3,0.0,1.5
22.753,-0.1,0.1,1.4
22.755,-0.0,0.3,1.2
22.848,0.1,0.3,1.0
22.849,0.3,0.4,0.8
22.851,-0.1,0.5,0.9
22.853,-0.4,0.3,1.0
22.854,-0.3,0.2,1.1
22.969,-0.2,0.1,1.2
22.971,-0.6,-0.1,1.1
22.972,-0.6,-0.2,1.1
22.978,0.0,-0.1,1.2
22.98,-0.2,-0.2,1.1
23.064,-0.5,-0.4,1.1
23.065,-0.5,-0.5,1.1
23.077,-0.7,-0.6,1.1
23.08,-1.0,-0.9,1.2
23.092,-1.5,-1.6,1.4
23.094,-2.1,-2.6,1.4
23.141,-3.8,-3.3,1.2
23.143,-6.1,-3.4,1.1
23.148,-7.0,-2.7,-0.0
23.15,-7.4,-1.9,-0.7
23.247,-6.9,-1.2,-1.0
23.248,-5.6,-0.6,-0.6
23.25,-5.5,-0.1,-0.7
23.252,-6.0,0.5,-0.4
23.35,-6.1,1.1,0.0
23.351,-3.5,1.3,0.2
23.353,-0.6,2.0,0.8
23.354,-0.2,2.7,1.0
23.356,-0.8,3.0,0.7
23.463,0.3,2.9,0.5
23.468,1.1,3.1,0.9
23.479,0.9,3.2,0.8
23.481,0.8,3.4,1.1
23.483,1.7,3.7,1.4
23.548,2.7,3.8,1.9
23.549,3.3,3.9,2.4
23.551,3.5,3.7,2.6
23.553,2.9,3.3,2.6
23.56,1.4,2.6,2.4
23.648,0.8,1.9,2.5
23.649,1.3,1.6,2.0
23.654,0.8,1.0,1.5
23.656,0.1,0.6,1.2
23.657,0.0,0.5,0.8
23.744,-0.3,0.5,0.8
23.746,-0.6,0.6,0.9
23.752,-0.8,0.8,1.0
23.754,-0.7,1.0,1.2
23.755,-2.4,0.3,1.0
23.862,-3.3,-1.1,-0.5
23.88,0.2,-0.4,0.9
23.882,2.2,0.0,-0.4
23.884,1.6,-0.1,-0.1
23.885,-0.9,-0.6,-1.1
23.944,-1.3,-0.8,-0.7
23.95,1.6,-0.1,-0.9
23.952,1.6,-0.2,-0.4
23.954,0.9,-0.4,-0.4
23.955,0.9,-0.4,-0.3
24.043,0.9,-0.4,-0.2
24.045,0.7,-0.5,-0.1
24.047,0.6,-0.5,0.3
24.048,0.4,-0.4,0.5
24.05,0.1,-0.2,0.4
24.154,0.3,0.0,0.3
24.156,0.4,0.2,0.0
24.159,0.4,0.4,-0.1
24.161,0.0,0.6,0.1
24.171,-0.1,0.7,0.3
24.243,0.0,0.8,0.4
24.248,-0.2,0.9,0.3
24.25,-0.1,0.8,0.2
24.252,0.2,0.9,0.2
24.253,-0.1,0.7,0.2
24.369,0.0,0.6,0.2
24.37,-0.1,0.4,0.1
24.372,-0.1,0.4,0.0
24.374,-0.1,0.2,-0.0
24.375,-0.3,0.1,-0.1
24.448,-0.2,-0.0,-0.2
24.45,-0.4,-0.2,-0.2
24.452,-0.4,-0.4,-0.1
24.453,-0.6,-0.6,0.1
24.455,-0.5,-0.7,0.2
24.552,-0.7,-1.0,0.2
24.558,-0.9,-1.1,0.2
24.56,-1.3,-1.6,0.0
24.562,-0.6,-1.6,0.0
24.572,-0.2,-2.0,0.4
24.655,-0.2,-2.4,-1.4
24.657,-0.2,-2.6,-0.6
24.659,-1.1,-2.4,-1.3
24.661,-0.9,-2.6,-1.4
24.663,-0.9,-2.4,-1.2
24.747,-1.8,-2.2,-1.3
24.748,-1.8,-1.5,-1.0
24.75,-1.3,-0.5,-0.7
24.755,-0.5,0.3,-0.8
24.757,-0.0,1.0,-0.5
24.842,0.3,1.7,0.2
24.843,0.3,2.4,0.6
24.845,0.6,2.7,0.8
24.846,0.7,2.8,1.0
24.957,1.3,2.4,0.6
24.958,2.9,2.5,1.1
24.96,0.9,1.9,1.2
24.966,0.9,0.9,1.1
24.978,0.7,0.6,1.3
25.047,-0.9,-0.2,0.0
25.049,-0.7,-0.4,0.3
25.051,0.2,-0.2,-0.0
25.055,0.8,-0.3,0.1
25.056,-0.2,-0.5,0.3
25.146,-0.8,-0.7,0.3
25.148,-0.3,-0.8,0.4
25.149,-0.1,-0.9,0.1
25.152,-0.4,-1.1,-0.4
25.154,-0.4,-1.0,-0.3
25.248,0.4,-0.7,0.0
25.25,0.1,-0.7,0.4
25.251,-0.1,-0.5,0.5
25.253,0.0,-0.3,0.6
25.255,0.3,-0.0,0.8
25.364,0.3,0.1,0.9
25.366,-0.0,0.2,0.9
25.368,0.1,0.4,1.0
25.378,0.3,0.6,1.1
25.384,0.4,0.7,1.3
25.452,-0.0,0.8,1.3
25.453,-0.2,0.7,1.4
25.455,-0.1,0.7,1.3
25.457,0.2,0.7,1.3
25.458,0.2,0.7,1.2
25.55,-0.3,0.6,1.1
25.551,0.2,0.6,1.2
25.553,-0.1,0.4,1.0
25.554,0.2,0.3,1.0
25.556,0.1,0.2,1.0
25.647,0.1,0.1,1.0
25.649,0.3,-0.0,1.0
25.65,0.6,-0.2,1.1
25.652,0.7,-0.4,1.2
25.654,1.1,-0.6,1.4
25.778,0.5,-0.8,1.6
25.78,-0.5,-1.1,1.4
25.797,-0.1,-1.2,1.7
25.798,0.3,-1.1,1.8
25.8,-0.2,-1.1,2.0
25.85,-0.6,-1.1,1.9
25.852,0.4,-0.9,1.9
25.854,1.2,-0.2,2.1
25.855,0.5,-0.0,2.0
25.857,0.5,0.4,1.6
25.859,0.5,0.4,1.5
25.946,1.1,0.6,1.4
25.948,1.0,1.1,1.5
25.949,0.5,1.2,1.2
25.953,-0.1,1.0,1.1
26.044,0.7,1.3,0.7
26.045,0.8,1.3,0.6
26.047,0.4,1.2,0.8
26.049,-0.1,1.0,0.7
26.052,0.5,1.0,0.6
26.161,0.4,0.7,0.4
26.177,0.3,0.7,0.5
26.179,-0.1,0.6,0.8
26.181,0.2,0.7,0.5
26.182,0.4,0.6,0.3
26.255,0.6,0.6,0.3
26.257,0.3,0.6,0.5
26.259,0.2,0.6,0.5
26.26,0.4,0.7,0.4
26.262,0.4,0.5,0.3
26.343,0.3,0.7,0.4
26.345,0.1,0.7,0.7
26.348,-0.2,0.5,0.6
26.351,0.3,0.6,0.5
26.353,0.6,0.7,0.5
26.453,0.6,0.7,0.6
26.462,-0.1,0.5,0.7
26.464,0.1,0.5,0.6
26.466,0.8,0.9,0.9
26.467,0.2,0.8,0.7
26.545,-0.0,0.9,0.7
26.547,-0.1,1.0,0.5
26.549,0.4,1.1,0.4
26.55,0.4,1.1,0.3
26.653,0.3,1.1,0.2
26.655,0.2,1.0,0.2
26.656,0.3,1.0,0.3
26.658,0.0,0.9,0.3
26.659,-0.3,0.7,0.5
26.748,-0.2,0.6,0.6
26.749,0.1,0.7,0.6
26.751,0.1,0.6,0.7
26.752,0.1,0.6,0.7
26.755,0.1,0.6,0.8
26.859,-0.2,0.6,0.8
26.861,-0.6,0.5,0.9
26.864,-1.1,0.4,1.1
26.866,-1.2,0.1,1.2
26.875,-1.5,0.1,1.1
26.943,-2.3,-0.1,1.1
26.945,-3.3,-0.3,1.1
26.946,-4.4,-0.5,1.1
26.948,-5.3,-0.6,1.2
26.954,-6.4,-1.1,1.0
27.051,-6.6,-1.0,0.7
27.052,-6.2,-0.9,0.4
27.057,-6.0,-0.7,0.2
27.059,-6.8,-0.6,0.1
27.061,-7.4,-0.4,-0.3
27.143,-5.8,0.4,-0.3
27.145,-3.3,1.3,0.2
27.147,-3.0,1.5,0.4
27.148,-4.2,1.4,0.6
27.154,-3.8,1.8,1.0
27.253,-1.9,2.5,1.4
27.255,-0.9,2.8,1.7
27.257,-1.4,2.5,1.9
27.258,-1.5,2.4,1.8
27.28,-0.7,2.5,2.0
27.344,-1.0,2.0,1.6
27.346,-1.3,1.3,1.2
27.348,-0.3,1.0,0.8
27.353,0.5,0.7,0.3
27.356,-0.5,-0.2,0.2
27.443,-1.2,-0.7,0.1
27.444,-0.6,-0.8,-0.1
27.446,0.3,-0.8,-0.4
27.448,0.8,-0.8,-0.6
27.449,1.1,-0.7,-0.8
27.548,1.1,-0.7,-0.9
27.55,1.3,-0.6,-1.0
27.551,1.7,-0.3,-0.9
27.553,1.6,-0.3,-0.9
27.555,1.5,-0.3,-0.9
27.667,1.3,-0.3,-0.8
27.669,1.1,-0.3,-0.7
27.67,1.1,-0.2,-0.6
27.686,1.2,-0.1,-0.6
27.688,1.0,-0.2,-0.6
27.747,1.0,-0.2,-0.6
27.749,1.1,-0.1,-0.6
27.75,0.9,-0.2,-0.6
27.752,0.6,-0.2,-0.6
27.757,0.1,-0.4,-0.6
27.843,-0.0,-0.4,-0.5
27.845,-0.4,-0.7,-0.3
27.846,-0.4,-0.5,-0.3
27.848,-0.2,-0.4,-0.3
27.852,-0.6,-0.6,-0.3
27.943,-0.6,-0.6,-0.7
27.945,-0.2,-0.3,-0.3
27.946,0.6,0.0,0.9
27.948,1.1,0.0,0.6
27.953,0.5,-0.1,-0.2
28.062,0.4,-0.2,-0.3
28.064,0.1,-0.1,-0.6
28.075,-0.0,-0.1,-0.9
28.076,-0.2,-0.0,-1.2
28.078,-0.3,-0.2,-1.0
28.146,0.9,0.2,0.4
28.148,0.7,0.1,-0.4
28.149,0.3,0.0,-0.4
28.151,0.5,-0.0,-0.4
28.153,0.2,0.1,-0.3
28.244,0.5,0.1,0.0
28.246,0.3,0.0,0.1
28.247,0.5,0.0,-0.0
28.249,0.1,-0.0,0.1
28.343,0.2,0.0,0.0
28.345,0.2,-0.0,0.1
28.346,0.3,0.1,0.0
28.348,0.3,0.0,0.2
28.353,0.3,0.0,0.1
28.47,0.3,0.1,0.1
28.48,0.4,0.2,-0.2
28.491,0.3,0.1,-0.1
28.492,0.3,0.2,0.0
28.494,0.2,0.2,0.0
28.549,0.2,0.2,-0.1
28.55,0.1,0.1,-0.2
28.552,0.1,0.1,-0.2
28.56,0.1,0.1,-0.1
28.561,0.1,0.0,-0.1
28.634,0.2,0.2,-0.1
28.639,0.3,0.3,0.1
28.645,0.3,0.3,0.0
28.647,0.2,0.3,-0.0
28.648,0.2,0.4,-0.1
28.719,0.2,0.4,-0.2
28.724,0.2,0.2,-0.3
28.726,0.1,-0.0,-0.2
28.728,-0.0,-0.2,-0.5
28.857,0.2,-0.1,0.0
28.859,0.1,-0.2,0.0
28.87,-0.1,-0.5,0.0
28.872,-0.2,-0.6,-0.2
28.873,-0.5,-0.9,-0.5
28.956,-0.7,-1.0,-0.2
28.958,-0.3,-0.8,-0.1
28.962,-0.1,-0.7,-0.3
28.964,0.1,-0.7,-0.3
28.965,0.3,-0.6,-0.2
28.967,0.2,-0.6,-0.8
29.043,-1.6,-0.2,-0.6
29.044,-0.8,-0.5,-0.5
29.046,0.5,-0.3,-0.4
29.048,0.4,-0.2,-0.5
29.049,-0.0,-0.1,-0.1
29.158,-0.4,-0.1,-0.3
29.16,0.0,-0.2,0.8
29.163,0.5,-0.0,0.0
29.171,0.4,-0.1,-0.1
29.173,0.2,-0.1,-0.1
29.243,0.0,-0.2,-0.1
29.244,-0.2,-0.2,-0.2
29.25,-0.2,-0.1,-0.1
29.251,0.1,-0.1,-0.2
29.253,0.0,-0.2,0.0
29.347,-0.0,-0.1,0.2
29.348,0.1,-0.1,0.1
29.35,0.2,-0.0,0.1
29.351,0.2,-0.1,0.0
29.353,0.2,-0.1,0.0
29.462,0.2,-0.1,0.1
29.463,0.1,-0.0,0.0
29.465,0.1,-0.1,-0.1
29.467,0.1,-0.0,-0.1
29.468,0.2,0.0,-0.0
29.566,0.1,0.0,0.0
29.568,-0.0,-0.0,0.0
29.569,-0.0,-0.0,-0.1
29.571,0.0,-0.1,-0.1
29.586,0.1,0.0,-0.0
